Serial:
1000 0.0575668
2154 0.127486
4641 0.289598
10000 0.657463
21544 1.4666
46415 3.19904
100000 8.72909
215443 26.5548
464158 81.5971
1000000 198.574
Parallel (1 threads):
1000 0.440484
2154 0.239565
4641 0.30867
10000 0.510328
21544 1.09321
46415 1.67431
100000 2.35696
215443 4.0737
464158 9.85672
1000000 24.9128
Parallel (4 threads):
1000 0.128073
2154 0.162548
4641 0.269906
10000 0.503132
21544 0.946964
46415 1.51628
100000 2.63872
215443 3.78272
464158 10.9359
1000000 14.4538
Parallel (16 threads):
1000 0.196817
2154 0.176932
4641 0.264995
10000 0.54809
21544 0.993081
46415 1.54314
100000 2.24842
215443 3.87265
464158 9.59153
1000000 12.9145
Parallel (64 threads):
1000 0.120657
2154 0.185534
4641 0.267407
10000 0.556714
21544 1.31446
46415 1.59485
100000 2.26575
215443 3.90733
464158 9.67785
1000000 29.1301
